! UMich home.cfg 
! Fill in the rough initial values for the telescope orientation and limit
! switch positions once. Then since the last entry for a given name is all that
! counts the Limit and Calibrate Axes procedures from xtelescope will append to
! this file and thereby override these values.

! initial guesses
HT = 0		! HA of scope pole, rads
DT = 1.5       ! Dec of scope pole, rads
XP = 5.79	! "X" angle from home to celestial pole,
                !   rads ccw as seen from tel pole
YC = 1.5         ! "Y" angle from scope's equator to home, rads +N
NP = 0.0        ! nonperpendicularity of axes, rads
R0 = 0.0        ! field rotator offset, if applicable


RNEGLIM = 0
RPOSLIM = 0

DPOSLIM = 2.8
HPOSLIM = .78
HNEGLIM = -5.5
DNEGLIM = -2.8

DPOSLIM = 1.95933	! Updated 04/23/98 18:59:30 UTC
HPOSLIM = 4.31914	! Updated 04/23/98 19:00:01 UTC
DNEGLIM = -2.30326	! Updated 04/23/98 19:00:28 UTC
HNEGLIM = -2.03512	! Updated 04/23/98 19:01:29 UTC
DPOSLIM = 1.96012	! Updated 04/24/98 23:43:25 UTC
HPOSLIM = 4.32425	! Updated 04/24/98 23:43:48 UTC
DNEGLIM = -2.30263	! Updated 04/24/98 23:44:09 UTC
HNEGLIM = -2.03614	! Updated 04/24/98 23:44:55 UTC
HPOSLIM = 1.67188	! Updated 04/25/98 01:54:33 UTC
DPOSLIM = 1.9602	! Updated 04/25/98 01:54:58 UTC
DPOSLIM = 1.95949	! Updated 04/25/98 01:57:34 UTC
HPOSLIM = 3.03234	! Updated 04/25/98 01:57:58 UTC
DNEGLIM = -2.30671	! Updated 04/25/98 01:58:20 UTC
HNEGLIM = -3.32812	! Updated 04/25/98 01:59:04 UTC
DPOSLIM = 1.95988	! Updated 04/25/98 02:08:35 UTC
HPOSLIM = 4.32417	! Updated 04/25/98 02:09:07 UTC
DNEGLIM = -2.3064	! Updated 04/25/98 02:09:20 UTC
HNEGLIM = -2.03662	! Updated 04/25/98 02:10:14 UTC
HT =  2.7725074	! Updated 04/25/98 02:28:19 UTC
DT =  1.5707596	! Updated 04/25/98 02:28:19 UTC
XP =  3.0240416	! Updated 04/25/98 02:28:19 UTC
YC =  1.6594457	! Updated 04/25/98 02:28:19 UTC
NP =  0.0285008	! Updated 04/25/98 02:28:19 UTC
HT = -0.1773759	! Updated 04/25/98 02:43:16 UTC
DT =  1.4849870	! Updated 04/25/98 02:43:16 UTC
XP =  5.9849709	! Updated 04/25/98 02:43:16 UTC
YC =  1.7328391	! Updated 04/25/98 02:43:16 UTC
NP = -0.0027178	! Updated 04/25/98 02:43:16 UTC
HT = -0.1862386	! Updated 04/25/98 02:58:16 UTC
DT =  1.4890799	! Updated 04/25/98 02:58:16 UTC
XP =  5.9933863	! Updated 04/25/98 02:58:16 UTC
YC =  1.7309315	! Updated 04/25/98 02:58:16 UTC
NP = -0.0001590	! Updated 04/25/98 02:58:16 UTC

! For RCS Only -- Do Not Edit
! @(#) $RCSfile: home.cfg,v $ $Date: 2003/04/15 20:48:20 $ $Revision: 1.1.1.1 $ $Name:  $
