! UMich home.cfg 
! Fill in the rough initial values for the telescope orientation and limit
! switch positions once. Then since the last entry for a given name is all that
! counts the Limit and Calibrate Axes procedures from xtelescope will append to
! this file and thereby override these values.

! initial guesses
HT = 0		! HA of scope pole, rads
DT = 1.57       ! Dec of scope pole, rads
XP = 3.14	! "X" angle from home to celestial pole,
                !   rads ccw as seen from tel pole
YC = 1.57         ! "Y" angle from scope's equator to home, rads +N
NP = 0.0        ! nonperpendicularity of axes, rads
R0 = 0.0        ! field rotator offset, if applicable


RNEGLIM = 0
RPOSLIM = 0

DPOSLIM = 2.8
HPOSLIM = .78
HNEGLIM = -5.5
DNEGLIM = -2.8
HNEGLIM = 0.0534463	! Updated 12/28/97 22:14:53 UTC
DNEGLIM = 0.101843	! Updated 12/28/97 22:15:06 UTC
HNEGLIM = -1.28248	! Updated 12/28/97 22:18:46 UTC
DNEGLIM = -2.44432	! Updated 12/28/97 22:18:59 UTC
HPOSLIM = 4.77758	! Updated 12/28/97 22:19:57 UTC
DPOSLIM = 2.59959	! Updated 12/28/97 22:19:59 UTC
DNEGLIM = -2.55969	! Updated 12/29/97 17:05:10 UTC
HNEGLIM = -0.00212058	! Updated 12/29/97 17:05:48 UTC
HPOSLIM = -0.00212058	! Updated 12/29/97 17:05:50 UTC
HNEGLIM = -0.00212058	! Updated 12/29/97 17:05:51 UTC
HPOSLIM = -0.00212058	! Updated 12/29/97 17:05:53 UTC
HNEGLIM = -0.00212058	! Updated 12/29/97 17:05:54 UTC
HPOSLIM = -0.00212058	! Updated 12/29/97 17:05:56 UTC
HNEGLIM = -0.00212058	! Updated 12/29/97 17:05:57 UTC
HPOSLIM = -0.00212058	! Updated 12/29/97 17:05:59 UTC
HNEGLIM = -0.00212058	! Updated 12/29/97 17:06:00 UTC
HPOSLIM = -0.00212058	! Updated 12/29/97 17:06:02 UTC
HNEGLIM = -0.00212058	! Updated 12/29/97 17:06:03 UTC
HPOSLIM = -0.00212058	! Updated 12/29/97 17:06:05 UTC
HNEGLIM = -0.00212058	! Updated 12/29/97 17:06:06 UTC
HPOSLIM = -0.00212058	! Updated 12/29/97 17:06:08 UTC
HNEGLIM = -0.00212058	! Updated 12/29/97 17:06:09 UTC
DPOSLIM = 2.50424	! Updated 12/29/97 17:06:09 UTC
HPOSLIM = -0.00212058	! Updated 12/29/97 17:06:11 UTC
HNEGLIM = -0.00212058	! Updated 12/29/97 17:06:12 UTC
HPOSLIM = -0.00212058	! Updated 12/29/97 17:06:14 UTC
HNEGLIM = -0.000235619	! Updated 12/29/97 17:13:34 UTC
DNEGLIM = -2.55474	! Updated 12/29/97 17:14:31 UTC
HPOSLIM = 6.14079	! Updated 12/29/97 17:14:48 UTC
HNEGLIM = 6.14079	! Updated 12/29/97 17:14:50 UTC
HPOSLIM = 6.18085	! Updated 12/29/97 17:14:53 UTC
HNEGLIM = 6.18085	! Updated 12/29/97 17:14:54 UTC
HPOSLIM = 6.22082	! Updated 12/29/97 17:14:57 UTC
HNEGLIM = 6.22082	! Updated 12/29/97 17:14:59 UTC
HPOSLIM = 6.26072	! Updated 12/29/97 17:15:02 UTC
HNEGLIM = 6.26072	! Updated 12/29/97 17:15:03 UTC
DNEGLIM = -2.56079	! Updated 12/29/97 17:21:59 UTC
HNEGLIM = -0.00274889	! Updated 12/29/97 17:22:33 UTC
DPOSLIM = 2.50416	! Updated 12/29/97 17:23:00 UTC
HPOSLIM = 6.14111	! Updated 12/29/97 17:23:47 UTC
DNEGLIM = -2.56126	! Updated 12/29/97 17:34:57 UTC
HNEGLIM = -0.00282743	! Updated 12/29/97 17:35:09 UTC
DPOSLIM = 2.50463	! Updated 12/29/97 17:35:58 UTC
HPOSLIM = 6.14119	! Updated 12/29/97 17:36:22 UTC
HNEGLIM = -1.43641	! Updated 12/29/97 18:33:31 UTC
DNEGLIM = -2.52066	! Updated 12/29/97 18:33:43 UTC
DPOSLIM = 2.54445	! Updated 12/29/97 18:34:44 UTC
HPOSLIM = 4.82093	! Updated 12/29/97 18:34:47 UTC
HNEGLIM = -1.43162	! Updated 12/29/97 21:43:47 UTC
DNEGLIM = -2.51916	! Updated 12/29/97 21:44:01 UTC
DPOSLIM = 2.54524	! Updated 12/29/97 21:45:00 UTC
HPOSLIM = 4.82015	! Updated 12/29/97 21:45:01 UTC

! For RCS Only -- Do Not Edit
! @(#) $RCSfile: home.cfg,v $ $Date: 2003/04/15 20:48:31 $ $Revision: 1.1.1.1 $ $Name:  $
